-0.07382676248604131 0.8888753095615665 -0.4521617997936789 0.0033937858239897296 
0.9970807438403009 0.056931908867740855 -0.050879740718160954 0.11110930101361388 
-0.019483310901940137 -0.4545981102078017 -0.8904835533527801 0.5844385557787712 
0.0 0.0 0.0 1.0 

0.5540831043884387 0.7699922409989972 -0.31639194400713355 -0.1858855125143818 
0.5869625845201814 -0.6308747738500311 -0.5074169331950424 0.235782035955892 
-0.5903107976351609 0.09544091638817859 -0.8015136890124372 0.3922508985208366 
0.0 0.0 0.0 1.0 

0.5673650100116568 0.7868986087311597 0.24266751944056664 -0.4452168960567349 
0.7269765577624322 -0.34022431613320264 -0.5964499133838316 0.31986698492245796 
-0.38678421617015035 0.5148184090421207 -0.7650882144125493 0.3855283117093064 
0.0 0.0 0.0 1.0 

0.3633218869579437 0.7722129258137436 0.5212335404245365 -0.5504504770835512 
0.9042088311596492 -0.15744946400189858 -0.3970088864728541 0.22964780075649044 
-0.22450745223760377 0.6155459881208654 -0.7554465834181047 0.39241144379999154 
0.0 0.0 0.0 1.0 

-0.026356707516197397 0.7778033945074573 0.627954778197907 -0.6112282623763302 
0.9959912434372861 0.07414700529944412 -0.050036632594262 0.043583440092751294 
-0.085479628948391 0.6241186594693362 -0.7766396409771038 0.44926017106450417 
0.0 0.0 0.0 1.0 

-0.4355891256008467 0.6449860229225802 0.6278973991766513 -0.5718165380950921 
0.900056073221943 0.3022456709725757 0.31392135867862514 -0.1640247392234912 
0.01269561792849705 0.7018835976234596 -0.712178514610321 0.3954078312050383 
0.0 0.0 0.0 1.0 

-0.46805458168234726 0.7275910023499487 0.5015338890499428 -0.5020400502045776 
0.8614094419227954 0.24898514251061166 0.4426964786117331 -0.2052427645452382 
0.19722748777090207 0.6392321425807432 -0.7432923960052407 0.3962771895271946 
0.0 0.0 0.0 1.0 

-0.7028906255766798 0.7007150432570763 0.12224236839024998 -0.3508443912494004 
0.6206036750283876 0.5201699804695157 0.5867488985584915 -0.2109641501720063 
0.3475569694563516 0.48828436343136905 -0.8004889339714445 0.40964446860260756 
0.0 0.0 0.0 1.0 

-0.7819998299532773 0.6220444904436784 0.03920354399425974 -0.280797567534009 
0.5352214642768836 0.6379564594328495 0.5536691611831128 -0.1867833080989194 
0.3193966971187303 0.4539517681170189 -0.8318134058147166 0.3822718453775567 
0.0 0.0 0.0 1.0 

