-0.17079401625494833 0.5213057032670636 -0.8361039216226277 -0.12686364320629764 
0.9819056622578362 0.01960636832568058 -0.18835302160326134 0.04547152659562591 
-0.08179654294348515 -0.8531447439106159 -0.51522167219575 0.23164464083065556 
0.0 0.0 0.0 1.0 

0.7256029377065315 -0.31795941285741225 -0.6102476452777357 -0.16544184795955108 
-0.6861951122171887 -0.40052513443886806 -0.6072197992917939 0.28473221276357685 
-0.05134826930765335 0.859349421631327 -0.5088044091603495 0.2809884391377798 
0.0 0.0 0.0 1.0 

0.9936579220521983 0.07606227962350244 -0.08281584124660933 -0.3215247922705895 
-0.0370163601499897 -0.47418079653113887 -0.8796489989094178 0.3486230459911446 
-0.10617778969329568 0.8771357373973374 -0.46835795622181486 0.22555278350711438 
0.0 0.0 0.0 1.0 

0.7718959794753089 0.4768328399552533 0.420484291751858 -0.47480280923438195 
0.63503791112438 -0.6095704843910625 -0.4745004488870689 0.18417729701806557 
0.030057416799149334 0.633288455049872 -0.7733319367489674 0.27118899275735103 
0.0 0.0 0.0 1.0 

-0.009232968448606993 0.6701347945964854 0.7421819920779222 -0.5530762004737013 
0.999441348052129 0.030025896233448313 -0.01467778454402957 0.010886043706108888 
-0.03212077361101029 0.7416318511407828 -0.6700376506407124 0.23055213694857907 
0.0 0.0 0.0 1.0 

-0.8357408741556269 0.396130534087998 0.38028645943386763 -0.44587501116935024 
0.5479905650966024 0.6461207634745625 0.5312572819003568 -0.18489078347101887 
-0.035263746691122366 0.6523868169806976 -0.7570653269032328 0.2568103325117179 
0.0 0.0 0.0 1.0 

-0.9970947731940061 -0.07616528669580067 0.0009286397257437032 -0.28350593327890966 
-0.0399225191201323 0.5329387426872492 0.8452115054884408 -0.24420030024407915 
-0.06487068472196367 0.8427189007287545 -0.5344311448804452 0.24083804588602287 
0.0 0.0 0.0 1.0 

-0.7699477483915855 -0.3744496547460471 -0.5166893852280056 -0.16885185907695605 
-0.6289213055346284 0.5822075079153634 0.5152595551482775 -0.1521018781407308 
0.10788167681004401 0.7216798970371479 -0.6837687255359851 0.24106402475065525 
0.0 0.0 0.0 1.0 

-0.07036609303968373 0.9927428358982215 -0.09752063742146014 -0.3176988934899736 
0.9973022069592046 0.06796506042679178 -0.027731905009988136 0.04270586866673677 
-0.020902654009266892 -0.09920893273259106 -0.9948470569496752 0.4700084484748525 
0.0 0.0 0.0 1.0 

