
01th pose: 
-0.07381292249661367 0.8887788771002265 -0.4523535786229284 0.003417591971223455 
0.997081470674672 0.05690168395337855 -0.050899304518856686 0.11110628191515626 
-0.01949854634947018 -0.4547903978578821 -0.890385029471255 0.5844992828082818 
0.0 0.0 0.0 1.0 

02th pose: 
0.5540986990820261 0.7699149078278477 -0.3165527860879497 -0.1858582462624566 
0.5868650779140435 -0.6309789649899802 -0.5074001636431718 0.23578016159997323 
-0.5903930995536363 0.09537599511727657 -0.801460796018645 0.39223040343132154 
0.0 0.0 0.0 1.0 

03th pose: 
0.5673735397829737 0.7868945152385527 0.2426608502449898 -0.44523743261400306 
0.7269680597612604 -0.3402308492475564 -0.5964565443577886 0.31978768926672657 
-0.38678767617529747 0.5148203483816168 -0.7650851602607016 0.3855464664720297 
0.0 0.0 0.0 1.0 

04th pose: 
0.363231916963475 0.7722320348771007 0.5212679338004703 -0.5504956634700069 
0.9042371112393216 -0.1573536889243321 -0.396982447016831 0.229609134636718 
-0.22453913056882957 0.6155465058722018 -0.7554367464929919 0.39240401789652335 
0.0 0.0 0.0 1.0 

05th pose: 
-0.026343853625659608 0.7777742630901526 0.6279913988668313 -0.6112359195737982 
0.9959853952858738 0.07418453092830124 -0.050097382648091715 0.04359647541623534 
-0.08555170222380848 0.6241505035209999 -0.7766061132910882 0.44927480980128287 
0.0 0.0 0.0 1.0 

06th pose: 
-0.4356182035768813 0.6449039669137908 0.6279615069184632 -0.5718419978021837 
0.9000448783952679 0.30239080026002796 0.3138136720930869 -0.16406725911498043 
0.012489899395048243 0.7018964862263923 -0.7121694496649976 0.39535927975025625 
0.0 0.0 0.0 1.0 

07th pose: 
-0.4680815061349378 0.7275382155240104 0.501585335278641 -0.5020479146227039 
0.861398745858001 0.24898091172930362 0.442719670026878 -0.20525666855841565 
0.1972103046210091 0.63929386869153 -0.743243866577253 0.3962132370083259 
0.0 0.0 0.0 1.0 

08th pose: 
-0.7028481867839095 0.7007691964208554 0.12217593741092822 -0.3508339373051726 
0.6206142583585487 0.5201586343524821 0.5867477630384537 -0.21092731851298996 
0.3476238896517889 0.48821873013663586 -0.800499908111882 0.40968450008766116 
0.0 0.0 0.0 1.0 

09th pose: 
-0.7820613078653241 0.6219656013479853 0.03922883480066369 -0.2808192825909633 
0.535156591558867 0.6379842611389991 0.5536998329871714 -0.18680643129061716 
0.31935487040449984 0.45402078507350785 -0.831791796948107 0.382265648921939 
0.0 0.0 0.0 1.0 
