
01th pose: 
0.09842664126614589 0.8788114548968166 -0.4669075101465026 -0.31678893348099624 
0.994022100204634 -0.10909819068296087 0.004201082535905898 0.1309508718945479 
-0.047246805117748425 -0.464529882280834 -0.884296176557561 0.49884297219823576 
0.0 0.0 0.0 1.0 

02th pose: 
0.09842719471806603 0.8788281648848038 -0.46687594063641824 -0.3167907130309547 
0.9940213771992548 -0.10910539915630092 0.004184918857228215 0.13094970725341104 
-0.04726086130012011 -0.4644965753158496 -0.8843129211478359 0.49882908837571543 
0.0 0.0 0.0 1.0 

03th pose: 
0.0984100225008265 0.8788294150919853 -0.46687720724026116 -0.3168091285121004 
0.9940218436556034 -0.10910233390662774 0.004153922440533503 0.13094219940996438 
-0.04728680372896929 -0.46449492990258323 -0.8843123985831548 0.4988219677055311 
0.0 0.0 0.0 1.0 

04th pose: 
0.09839219909239279 0.8788095301263796 -0.46691839213808534 -0.31678868478623146 
0.9940242957631495 -0.10907962486658444 0.0041635167274879925 0.13093988655892622 
-0.04727234487877402 -0.46453788349069786 -0.8842906084606155 0.498841636656138 
0.0 0.0 0.0 1.0 
