
01th pose: 
-0.07378818625115827 0.8888654291291214 -0.45218751914318456 0.0033457484785469407 
0.9970839668234155 0.05690473779445057 -0.05084696569341718 0.11110016875583154 
-0.019464497770226824 -0.4546208307102175 -0.890472365439212 0.5844547187377414 
0.0 0.0 0.0 1.0 

02th pose: 
0.5540843675718239 0.7699128199362768 -0.3165829485463516 -0.18587709481954737 
0.5869341236910517 -0.6309971683640825 -0.5072976522353778 0.235807960456688 
-0.5903379100646925 0.0952723633289281 -0.8015137732604295 0.39230987817483937 
0.0 0.0 0.0 1.0 

03th pose: 
0.5672862423585464 0.7869275632588946 0.24275775871048705 -0.4452733827295106 
0.7270292901292092 -0.34010801470142943 -0.5964519675800143 0.3197776601435126 
-0.38680063408032134 0.5148509964244711 -0.7650579853552216 0.38554546907485465 
0.0 0.0 0.0 1.0 

04th pose: 
0.36323523829972904 0.7723858101616444 0.5210377355991399 -0.5505298647155493 
0.9041832707318104 -0.15733027219502993 -0.3971143391767207 0.22966026841599063 
-0.22475047182612276 0.615359525571822 -0.7555262270113178 0.39244403619795487 
0.0 0.0 0.0 1.0 

05th pose: 
-0.026041164381625 0.7778608447866913 0.6278967780657778 -0.6112165757249534 
0.9960018575772496 0.07388096716017496 -0.05021854631653416 0.04368145713315645 
-0.08545266210199642 0.6240786079006495 -0.7766747927546447 0.44929157081762733 
0.0 0.0 0.0 1.0 

06th pose: 
-0.43561630107631033 0.6448494449156722 0.628018814709036 -0.5718209374161677 
0.9000442114028363 0.3022730366568154 0.3139290187773568 -0.16411862410838635 
0.012603799301785956 0.7019972967912461 -0.7120680722662287 0.39532810710472377 
0.0 0.0 0.0 1.0 

07th pose: 
-0.46847251283700486 0.7273355502497976 0.5015142092294161 -0.5020240917199346 
0.8611627092623979 0.2491560426087146 0.44308018981603225 -0.20536777406669568 
0.19731267798098837 0.6394562250650068 -0.7430770103654011 0.39616064408830437 
0.0 0.0 0.0 1.0 

08th pose: 
-0.7028768245907309 0.7007320490233442 0.12222424033225868 -0.35083721770584275 
0.6205534488789617 0.5200879930158595 0.5868746856060172 -0.2109987777085129 
0.34767454111234264 0.48834728932623467 -0.8003994868002116 0.4096351901859701 
0.0 0.0 0.0 1.0 

09th pose: 
-0.7819911384877514 0.6220450724830334 0.03936733577737911 -0.2808396034305993 
0.5352924529283215 0.6378914407359239 0.5536754461539977 -0.1868400698168238 
0.319298996497972 0.45404233022420426 -0.8318014866540956 0.3822165898631805 
0.0 0.0 0.0 1.0 
